$ANSIBLE_VAULT;1.1;AES256
38623438636337376331653532393331333135646663636331343738323339326461363962653361
3232363233393065313537636235393664663464656634370a633365323263353566356330646130
31363730636535336264653531656562626264396166333437333535646562663730323630353235
3931613566393038390a373438383134643135386465346336643032636538643537333461666433
31363263306334376139646562343963663638383634653963626230373236303733646533396438
39316164313437626537643962336433613932373735613962303436613039353566393139353235
63376266336538366463666638336430663963643763623231393232643562666132393038373732
39333363383030643165653165656430376433373465336264646364353462326466316664326630
64393563393431313632306432396465396138353737343431333933616164623833326335356562
37386163336462626335393565313662633934633836643433343437373534323736636635363433
34386335643630633636356661613263316236363535313563323530323561326665613233353633
66613232363961303035363838333261343636636565636362356266643764656466623234633865
36343837386566306265633335373733383638323132376164613831643239363063316138366165
31613032393836333763633032333138643564343338623538623461336438363832666362396439
65343436663630633136393736323362303265636162626131653434356466343130616533306666
66323730376166636561636565623763323530343162343061626265663230643034346463326561
66323633306462613133363661613165386535653038633865306630396539666465666462363430
65363531656138666563653166366132653131373161343138666666623964323433663838616532
63303031313434343733653633396262333062653736656638396338313135633663303964616132
34376463623334343233383266616665616636656530636262333437313866343431313434616237
62646630336436366165383435303233613562383834353264613663306664353133396165633034
38373233306362626161346165346162613866326662366637653135636462383430333865373366
66313538623733643462323133373761306161643431343734393965333438653866373536393466
65333136613763633066316164353363656561396235386634636661383231386461336234343036
63643534616466323535666662643261653665626232613332393465396330323265613466386362
6630393461666332666438323662376338626362326235646534
